248 0.4179592 
249 0.8591383 
250 2.345215 
251 3.018594 
252 0.7198186 
253 4.643991 
254 1.973696 
255 0.6965986 
256 2.391655 
257 2.530975 
258 0.3947392 
259 2.275556 
260 2.716735 
261 0.5340589 
262 0.6501587 
263 1.764717 
264 1.787936 
265 2.414875 
266 1.811157 
267 2.020136 
268 2.554195 
269 0.487619 
270 0.487619 
271 2.716735 
272 0.510839 
273 1.857596 
274 3.111474 
275 0.4411791 
276 2.275556 
277 1.857596 
278 1.695057 
279 0.510839 
280 1.462857 
281 2.414875 
282 2.275556 
283 0.5340589 
284 0.510839 
285 2.275556 
286 2.368435 
287 2.577415 
288 2.856054 
289 1.300317 
290 0.5572789 
291 2.693515 
292 0.3482993 
293 2.647075 
294 2.182676 
295 0.5340589 
296 1.207438 
297 1.741497 
298 1.369977 
299 1.602177 
300 1.439637 
301 1.555737 
302 1.857596 
303 1.300317 
304 3.413333 
305 2.600635 
306 2.275556 
307 2.623855 
308 3.157914 
309 1.764717 
310 1.532517 
