001 3.390125 
002 2.252312 
003 2.948937 
004 2.229125 
005 0.55725 
006 0.5805 
007 0.6501875 
008 2.623875 
009 2.29875 
010 1.7415 
011 1.7415 
012 2.948937 
013 0.5340625 
014 2.066562 
015 0.6269375 
016 2.345187 
017 4.435 
018 0.5805 
019 2.414875 
020 2.438125 
021 1.996938 
022 0.4411875 
023 1.509313 
024 2.020125 
025 2.020125 
026 0.3483125 
027 2.414875 
028 2.345187 
029 0.5340625 
030 2.043375 
031 0.5805 
032 0.55725 
033 0.5108125 
034 2.925688 
035 0.6501875 
036 2.600625 
037 0.6269375 
038 0.7198125 
039 2.414875 
040 0.5108125 
041 0.5108125 
042 0.39475 
043 2.670312 
044 2.159437 
045 2.020125 
046 1.857625 
047 0.6269375 
048 2.623875 
049 2.972125 
050 0.7430625 
051 1.996938 
052 2.414875 
053 1.996938 
054 2.275563 
055 2.13625 
056 2.577437 
057 0.5340625 
058 3.8545 
059 0.3483125 
060 0.97525 
061 0.55725 
062 1.857625 
063 2.438125 
064 0.6269375 
065 1.7415 
066 2.13625 
067 2.275563 
068 2.252312 
069 1.973688 
070 0.5340625 
071 2.020125 
072 3.343688 
073 2.252312 
074 0.60375 
075 0.7198125 
076 1.71825 
077 3.041812 
078 2.739938 
079 1.904063 
080 2.972125 
081 0.5340625 
082 0.5108125 
083 2.948937 
084 1.787938 
085 2.089813 
086 2.600625 
087 0.5340625 
088 0.5805 
089 1.37 
090 1.671813 
091 2.786375 
092 0.673375 
093 2.391625 
094 2.275563 
095 2.438125 
096 0.4411875 
097 0.7430625 
098 0.6269375 
099 2.670312 
100 0.487625 
101 3.157938 
102 0.278625 
103 1.323563 
104 0.8359375 
105 0.60375 
106 2.600625 
107 0.60375 
108 3.065063 
164 2.275563 
165 1.509313 
166 0.55725 
167 2.438125 
168 1.7415 
169 2.345187 
170 0.6501875 
171 1.044875 
172 4.365375 
173 0.55725 
174 0.6501875 
175 0.4179375 
176 3.065063 
177 0.696625 
178 2.043375 
179 2.391625 
180 1.857625 
181 3.66875 
182 2.229125 
183 2.229125 
184 0.673375 
185 2.089813 
186 3.134687 
187 0.60375 
188 2.414875 
189 0.5108125 
190 2.948937 
191 4.411812 
192 2.066562 
193 2.484562 
194 4.574313 
195 2.345187 
196 2.345187 
197 1.207438 
198 0.696625 
199 2.066562 
200 0.673375 
201 2.623875 
202 2.020125 
203 0.464375 
204 0.673375 
205 1.578938 
206 2.577437 
207 1.230687 
208 2.043375 
209 3.66875 
210 0.55725 
211 3.900938 
212 1.880813 
213 2.414875 
214 0.9055625 
215 2.229125 
216 2.832813 
217 0.4179375 
218 1.439625 
219 2.368438 
220 1.787938 
221 2.809625 
222 0.696625 
223 2.50775 
224 4.295688 
225 3.784875 
226 2.205875 
227 2.623875 
228 0.4411875 
229 3.274 
230 0.487625 
231 2.531 
232 0.487625 
233 0.464375 
234 1.37 
235 3.808063 
236 1.996938 
237 2.391625 
238 0.5805 
239 0.5340625 
240 2.484562 
241 3.575875 
242 0.8126875 
243 3.784875 
244 0.7198125 
245 3.529438 
246 1.625375 
247 2.020125 
248 0.4179375 
249 0.859125 
250 2.345187 
251 3.018625 
252 0.7198125 
253 4.644 
254 1.973688 
255 0.696625 
256 2.391625 
257 2.531 
258 0.39475 
259 2.275563 
260 2.71675 
261 0.5340625 
262 0.6501875 
263 1.764688 
264 1.787938 
265 2.414875 
266 1.811188 
267 2.020125 
268 2.554188 
269 0.487625 
270 0.487625 
271 2.71675 
272 0.5108125 
273 1.857625 
274 3.1115 
275 0.4411875 
276 2.275563 
277 1.857625 
278 1.695063 
279 0.5108125 
280 1.462875 
281 2.414875 
282 2.275563 
283 0.5340625 
284 0.5108125 
285 2.275563 
286 2.368438 
287 2.577437 
288 2.856062 
289 1.300313 
290 0.55725 
291 2.6935 
292 0.3483125 
293 2.647063 
294 2.182688 
295 0.5340625 
296 1.207438 
297 1.7415 
298 1.37 
299 1.602188 
300 1.439625 
301 1.55575 
302 1.857625 
303 1.300313 
304 3.413312 
305 2.600625 
306 2.275563 
307 2.623875 
308 3.157938 
309 1.764688 
310 1.5325 
