001 3.390113 
002 2.252336 
003 2.948934 
004 2.229116 
005 0.5572789 
006 0.5804989 
007 0.6501587 
008 2.623855 
009 2.298775 
010 1.741497 
011 1.741497 
012 2.948934 
013 0.5340589 
014 2.066576 
015 0.6269388 
016 2.345215 
017 4.435011 
018 0.5804989 
019 2.414875 
020 2.438095 
021 1.996916 
022 0.4411791 
023 1.509297 
024 2.020136 
025 2.020136 
026 0.3482993 
027 2.414875 
028 2.345215 
029 0.5340589 
030 2.043356 
031 0.5804989 
032 0.5572789 
033 0.510839 
034 2.925714 
035 0.6501587 
036 2.600635 
037 0.6269388 
038 0.7198186 
039 2.414875 
040 0.510839 
041 0.510839 
042 0.3947392 
043 2.670295 
044 2.159456 
045 2.020136 
046 1.857596 
047 0.6269388 
048 2.623855 
049 2.972154 
050 0.7430385 
051 1.996916 
052 2.414875 
053 1.996916 
054 2.275556 
055 2.136236 
056 2.577415 
057 0.5340589 
058 3.854512 
059 0.3482993 
060 0.9752381 
061 0.5572789 
062 1.857596 
063 2.438095 
064 0.6269388 
