001 339 
002 225 
003 295 
004 223 
005 56 
006 58 
007 65 
008 262 
009 230 
010 174 
011 174 
012 295 
013 53 
014 207 
015 63 
016 235 
017 444 
018 58 
019 241 
020 244 
021 200 
022 44 
023 151 
024 202 
025 202 
026 35 
027 241 
028 235 
029 53 
030 204 
031 58 
032 56 
033 51 
034 293 
035 65 
036 260 
037 63 
038 72 
039 241 
040 51 
041 51 
042 39 
043 267 
044 216 
045 202 
046 186 
047 63 
048 262 
049 297 
050 74 
051 200 
052 241 
053 200 
054 228 
055 214 
056 258 
057 53 
058 385 
059 35 
060 98 
061 56 
062 186 
063 244 
064 63 
065 174 
066 214 
067 228 
068 225 
069 197 
070 53 
071 202 
072 334 
073 225 
074 60 
075 72 
076 172 
077 304 
078 274 
079 190 
080 297 
081 53 
082 51 
083 295 
084 179 
085 209 
086 260 
087 53 
088 58 
089 137 
090 167 
091 279 
092 67 
093 239 
094 228 
095 244 
096 44 
097 74 
098 63 
099 267 
100 49 
101 316 
102 28 
103 132 
104 84 
105 60 
106 260 
107 60 
108 307 
164 228 
165 151 
166 56 
167 244 
168 174 
169 235 
170 65 
171 104 
172 437 
173 56 
174 65 
175 42 
176 307 
177 70 
178 204 
179 239 
180 186 
181 367 
182 223 
183 223 
184 67 
185 209 
186 313 
187 60 
188 241 
189 51 
190 295 
191 441 
192 207 
193 248 
194 457 
195 235 
196 235 
197 121 
198 70 
199 207 
200 67 
201 262 
202 202 
203 46 
204 67 
205 158 
206 258 
207 123 
208 204 
209 367 
210 56 
211 390 
212 188 
213 241 
214 91 
215 223 
216 283 
217 42 
218 144 
219 237 
220 179 
221 281 
222 70 
223 251 
224 430 
225 378 
226 221 
227 262 
228 44 
229 327 
230 49 
231 253 
232 49 
233 46 
234 137 
235 381 
236 200 
237 239 
238 58 
239 53 
240 248 
241 358 
242 81 
243 378 
244 72 
245 353 
246 163 
247 202 
248 42 
249 86 
250 235 
251 302 
252 72 
253 464 
254 197 
255 70 
256 239 
257 253 
258 39 
259 228 
260 272 
261 53 
262 65 
263 176 
264 179 
265 241 
266 181 
267 202 
268 255 
269 49 
270 49 
271 272 
272 51 
273 186 
274 311 
275 44 
276 228 
277 186 
278 170 
279 51 
280 146 
281 241 
282 228 
283 53 
284 51 
285 228 
286 237 
287 258 
288 286 
289 130 
290 56 
291 269 
292 35 
293 265 
294 218 
295 53 
296 121 
297 174 
298 137 
299 160 
300 144 
301 156 
302 186 
303 130 
304 341 
305 260 
306 228 
307 262 
308 316 
309 176 
310 153 
