001 212
002 141
003 185
004 140
005 35
006 37
007 41
008 164
009 144
010 109
011 109
012 185
013 34
014 130
015 40
016 147
017 278
018 37
019 151
020 153
021 125
022 28
023 95
024 127
025 127
026 22
027 151
028 147
029 34
030 128
031 37
032 35
033 32
034 183
035 41
036 163
037 40
038 45
039 151
040 32
041 32
042 25
043 167
044 135
045 127
046 117
047 40
048 164
049 186
050 47
051 125
052 151
053 125
054 143
055 134
056 162
057 34
058 241
059 22
060 61
061 35
062 117
063 153
064 40
065 109
066 134
067 143
068 141
069 124
070 34
071 127
072 209
073 141
074 38
075 45
076 108
077 191
078 172
079 120
080 186
081 34
082 32
083 185
084 112
085 131
086 163
087 34
088 37
089 86
090 105
091 175
092 43
093 150
094 143
095 153
096 28
097 47
098 40
099 167
100 31
101 198
102 18
103 83
104 53
105 38
106 163
107 38
108 192
164 143
165 95
166 35
167 153
168 109
169 147
170 41
171 66
172 273
173 35
174 41
175 27
176 192
177 44
178 128
179 150
180 117
181 230
182 140
183 140
184 43
185 131
186 196
187 38
188 151
189 32
190 185
191 276
192 130
193 156
194 286
195 147
196 147
197 76
198 44
199 130
200 43
201 164
202 127
203 30
204 43
205 99
206 162
207 77
208 128
209 230
210 35
211 244
212 118
213 151
214 57
215 140
216 178
217 27
218 90
219 149
220 112
221 176
222 44
223 157
224 269
225 237
226 138
227 164
228 28
229 205
230 31
231 159
232 31
233 30
234 86
235 239
236 125
237 150
238 37
239 34
240 156
241 224
242 51
243 237
244 45
245 221
246 102
247 127
248 27
249 54
250 147
251 189
252 45
253 291
254 124
255 44
256 150
257 159
258 25
259 143
260 170
261 34
262 41
263 111
264 112
265 151
266 114
267 127
268 160
269 31
270 31
271 170
272 32
273 117
274 195
275 28
276 143
277 117
278 106
279 32
280 92
281 151
282 143
283 34
284 32
285 143
286 149
287 162
288 179
289 82
290 35
291 169
292 22
293 166
294 137
295 34
296 76
297 109
298 86
299 101
300 90
301 98
302 117
303 82
304 214
305 163
306 143
307 164
308 198
309 111
310 96
