065 1.741497 
066 2.136236 
067 2.275556 
068 2.252336 
069 1.973696 
070 0.5340589 
071 2.020136 
072 3.343673 
073 2.252336 
074 0.6037188 
075 0.7198186 
076 1.718277 
077 3.041814 
078 2.739955 
079 1.904036 
080 2.972154 
081 0.5340589 
082 0.510839 
083 2.948934 
084 1.787936 
085 2.089796 
086 2.600635 
087 0.5340589 
088 0.5804989 
089 1.369977 
090 1.671837 
091 2.786395 
092 0.6733787 
093 2.391655 
094 2.275556 
095 2.438095 
096 0.4411791 
097 0.7430385 
098 0.6269388 
099 2.670295 
100 0.487619 
101 3.157914 
102 0.2786395 
103 1.323537 
104 0.8359184 
105 0.6037188 
106 2.600635 
107 0.6037188 
108 3.065034 
164 2.275556 
165 1.509297 
166 0.5572789 
167 2.438095 
168 1.741497 
169 2.345215 
170 0.6501587 
171 1.044898 
172 4.365352 
173 0.5572789 
174 0.6501587 
175 0.4179592 
176 3.065034 
177 0.6965986 
178 2.043356 
179 2.391655 
180 1.857596 
181 3.668753 
182 2.229116 
183 2.229116 
