184 0.6733787 
185 2.089796 
186 3.134694 
187 0.6037188 
188 2.414875 
189 0.510839 
190 2.948934 
191 4.411791 
192 2.066576 
193 2.484535 
194 4.574331 
195 2.345215 
196 2.345215 
197 1.207438 
198 0.6965986 
199 2.066576 
200 0.6733787 
201 2.623855 
202 2.020136 
203 0.4643991 
204 0.6733787 
205 1.578957 
206 2.577415 
207 1.230658 
208 2.043356 
209 3.668753 
210 0.5572789 
211 3.900952 
212 1.880816 
213 2.414875 
214 0.9055783 
215 2.229116 
216 2.832834 
217 0.4179592 
218 1.439637 
219 2.368435 
220 1.787936 
221 2.809614 
222 0.6965986 
223 2.507755 
224 4.295691 
225 3.784853 
226 2.205896 
227 2.623855 
228 0.4411791 
229 3.274014 
230 0.487619 
231 2.530975 
232 0.487619 
233 0.4643991 
234 1.369977 
235 3.808073 
236 1.996916 
237 2.391655 
238 0.5804989 
239 0.5340589 
240 2.484535 
241 3.575873 
242 0.8126984 
243 3.784853 
244 0.7198186 
245 3.529433 
246 1.625397 
247 2.020136 
